x	y
-9.414446268863315481e+00	1.253364382045901948e+01
-5.033744261567577816e+00	1.924949692950185920e+01
-1.138404794862235647e+01	-1.865096316432302359e+01
-2.416795643264347504e+01	-2.756074565700428280e+01
2.483965991552539609e+00	-9.240788481877160621e+00
-5.624933106915666059e+00	2.461465346144392274e+00
-2.282277685752462304e+01	6.981663848737584388e+00
6.478951577360838598e+00	1.467161018355274038e+01
-1.270217710136538969e+01	3.979915391301004579e+00
7.272355411459453522e-01	2.439736292917883631e+01
1.020726787048551643e+01	-3.116479533276486524e+00
1.805760750603749409e+00	-1.278310905258515007e+01
1.595160958360620995e+01	-2.353705501692206781e+01
-1.728756148495113720e+01	-1.244559901333629881e+01
5.632782976485685822e+00	3.389651453791722169e+00
-9.587341273164383892e+00	-1.244208360295083082e+01
-1.219116008854634536e+01	1.311439448949360020e+01
-8.103895306701815571e+00	1.977258788452420291e+01
-4.361735449783217256e+00	-3.317421667317243816e+01
7.863147912164361042e-01	1.209673220696707041e+01
-1.631209777096698943e+01	-3.135445682126431421e+01
1.261157081735861851e+01	5.620986771264025350e+00
6.519274156226437356e+00	1.714818789871123528e+01
-2.150741160788113149e+01	9.079854888100664656e-01
2.083553071313839666e+01	-1.791564842485935216e+01
2.654244846442816552e+01	-8.196036859888817361e+00
1.650291399623510813e+01	-3.663036239952609741e+00
-2.518947701372912906e+00	-2.551426973059200964e+00
-1.499053670114759562e+01	-2.840555770733338647e+00
1.476232417703591260e+01	-1.538358910330393181e+00
-5.644477257624514799e+00	2.988720684742364408e+00
1.711423098535398424e+01	-1.692003115226509635e+01
2.915849693076044247e+00	-3.388277618183073159e+00
1.367294651077197898e+01	2.125565638497987564e+01
4.989129560441626587e+00	-5.385035923995248552e+00
9.892024354687274368e+00	-6.213705304172768784e+00
1.470002900914866850e-01	1.509476225199932919e+01
2.500218691468169396e+01	-3.582858532881735414e+01
1.776769297850678830e+00	1.653930041803600304e+01
5.627851088225822807e+00	-8.846652612072341881e+00
2.636410975878755991e+01	2.295000014336213034e+00
-1.886862685599425049e+01	1.348498982896755516e+00
-1.778678997880027168e+01	1.319455366908551319e+01
1.357155391421215640e+01	-3.746326447294867634e+00
-1.642372767159823965e+01	-9.492360941902305171e+00
2.721069659909009886e+01	1.816984106911538177e+01
-5.790665730636463060e+00	-3.309843343997652454e+01
-1.046436736017060909e+01	2.846785438734054652e-01
2.692118837072538540e+01	-1.887095591680768436e+01
2.072720708008193924e+01	-1.066202743559182586e+01
2.614582544597197966e+01	2.815759354048391572e+01
1.268462521585539449e+01	-6.243359703819983952e-01
-1.205715959076583488e+01	2.730975760119336293e+00
2.674090934338646974e+01	-2.494187997987827998e+01
-3.752047193319325125e+00	-1.020662522312574083e+01
1.123438954114953248e+01	2.751803610202988803e+00
1.326152754883247198e+01	4.966607703585053102e+00
-2.170141303271678535e+00	8.636411761505902618e+00
8.597111184845124043e+00	1.207905848460685133e-01
1.291089340193137502e+01	7.378058918365235641e+00
5.269957436178811960e+00	6.352946776899575987e+00
-1.539161106817872238e+01	-2.561636575406344107e+01
4.175334438884783950e+00	5.180801067420934825e-01
1.856940255361842418e+01	1.075063370825785114e+01
-9.723950036239116912e+00	8.258317490283273443e+00
-2.094883564587390445e+00	-5.094023339591058352e+00
-6.092149724102924324e+00	-1.127877110555114903e+01
2.588969219871078664e+01	-1.565636694050285094e+01
9.412126598174095804e+00	-1.834756161579772726e+00
5.704465707375545591e+00	1.586311831383610738e+01
-1.077882504223443050e+01	-2.732525742074242814e+01
7.549488678085441329e+00	-9.238484216212970779e+00
-9.440657249203265877e+00	-1.595723437597483674e+01
4.456278158409165413e-01	1.098940529736700178e+01
-8.901845097304333265e+00	-7.760334771998212311e+00
9.470066129250996667e+00	-6.588927214167079605e+00
8.072271432609174013e+00	-3.037293979113085740e+00
-2.916182578091928157e+00	6.235505512527161898e+00
5.544093977263034212e+00	-5.493445974094914419e+00
-1.530286112222708184e+01	-4.264600276719897209e+01
-2.087760629787847932e+01	7.606366479425275884e+00
6.151483817703517154e+00	6.146601407408595286e+00
2.333428935215406508e+00	-3.073574396636985284e+00
8.890440116489489952e+00	-1.517651268940708320e+01
3.336402684809518604e+01	4.924921549539016397e+00
1.322271281786579422e+01	5.309297469498214461e+00
-1.277951115621821998e+01	-6.580460357812246919e+00
1.563822803334194234e+01	-3.034240588057540933e+00
-1.842270374716129666e+01	-1.302219103534049793e+01
-6.462184467405926114e+00	-2.500247289222607971e+00
-9.553824745448372679e-01	-2.170601083116873298e+01
2.398679810309113236e+01	5.842463494445697236e+00
-1.042656750867815774e+01	-1.322115887154011382e+01
-1.157013954122620092e+01	3.333444069652369723e+00
-1.378335341956052229e+00	-1.968348082775058927e+01
-9.288696009069504100e+00	-8.260807042173555104e+00
1.577290290949109774e+01	-1.546851670922989586e+00
-1.511904111708792620e+01	-2.324979736616968751e+01
-1.606456113375543282e+01	1.612070223961290294e+00
-6.129480626422076028e+00	-5.308065880318918239e+00
-6.972454309692268204e+00	-2.439298676932922660e+01
2.701344875343779961e+01	-1.824539855757242179e+01
1.329189129696065130e+01	8.471681177150333752e+00
1.225717379392672557e+00	1.253778379771853579e+01
-1.715609726362235321e+01	-1.846720956919538859e+00
1.182108166962165896e+01	5.666665368566964567e+00
-1.400301486345390600e+01	3.133809886380749532e+00
-2.162679535488656057e+01	4.614721749788333049e+00
1.663241709293222570e+01	1.800377609912410293e+01
4.437196566947894993e+00	-2.109797757499980975e+01
1.289202353293146608e+01	9.470450253062724144e+00
4.462187141202296203e+00	-5.348125378089482851e+00
1.199562856663767718e+01	-3.139625079522964768e+00
-9.114358306202056781e+00	-4.231496226370980551e+00
-1.447939978498250468e+01	-5.252059633257974092e+00
9.542323255942777749e+00	-1.716674668496226630e+01
-1.124773529843377418e+01	2.566748789606417613e+00
-9.653696888502807383e+00	2.339320245904400153e+01
-6.377455049242803931e+00	-7.858622862825995758e-01
2.447082263507942002e-01	-1.939059829134016227e-02
-4.955914757548775640e+00	-9.622186520193288573e+00
-1.924931810785226460e+01	-1.644643649853560596e+00
-9.010657639660466955e+00	6.526329964476430767e+00
-3.112764413114197382e+01	-5.183394169860800815e+00
8.753240314380624554e+00	-6.353256574728014527e+00
-2.242880717849446626e+01	5.645703562285455668e+00
-1.546136675199830890e+01	-1.285206677746663573e+01
7.303111096536416547e-01	3.534952779076213858e+00
-1.035388194947838514e+01	1.148450516165990365e+01
2.160220433569430298e+01	1.903927958351277994e+01
-1.809999673612827920e+01	-1.265348101877255438e+00
3.738712170888561115e+00	1.914636135729399058e+01
-5.499594551849384949e-01	1.448173841074125434e+01
-1.635330896837676562e+01	-1.394697696519492602e+01
7.325873247444551595e+00	-1.705113916230411419e+01
-2.401648637111473583e+00	-4.269490929961886394e+00
1.080506771699134205e+01	1.440509689632795798e+01
1.152905815549224045e+01	-1.012018105840068571e+00
3.028530328992965792e+01	-8.409205807209039207e+00
1.871139129210948937e+01	2.173140452067985251e+01
-5.168545731194210013e+00	4.016662832046849374e+00
-3.351308486062969383e+00	-3.248831986107038006e+01
1.539523434241958455e+01	4.440248768097642795e+00
9.173692230116369473e+00	7.280568603992149335e+00
8.961841365366288059e+00	3.158521162595453013e+00
-2.263738462035168197e+01	6.295969403247895890e+00
-3.405657415850988912e-01	-9.418585249217442668e-01
-1.033243272887964181e+01	-1.845754217502627981e+01
3.918944386605335506e+00	-5.189856045086347791e+00
-1.374105455001411125e+00	-1.323862113778807981e+01
1.274250471329628809e+01	-1.305837275112128992e+01
4.441055012678228664e+00	-1.768295688743185679e+01
1.100859146952566547e+01	6.334847296955048890e+00
-6.529867354303203086e+00	1.370546035776779359e+00
-1.322224758285550550e+01	-6.274315077529912799e+00
-5.740695704835678370e+00	-9.090730988225434572e+00
-2.382857940601683100e-01	-3.279234703003303664e-01
5.308124297771144917e+00	1.510872619357484936e+01
3.163032530967193168e+01	-2.805902001698481030e+01
-5.916001232489976891e-01	5.276271291912498107e+00
-1.338323000689887721e+01	-7.639967636248953475e+00
-4.843744859791409674e+00	-2.638420182971226780e+01
-6.490343645045318688e+00	-2.723984316429542218e+01
6.740740632828470247e+00	-1.277896891789408507e+01
-2.157115820222474767e+01	3.073133781102633577e+00
8.856679188046439055e-01	5.502881075721282933e+00
2.191091531515258151e+00	-1.314574201748899362e+01
3.250534506803860690e+00	1.423829387978542549e+01
-8.362424965515078412e+00	1.992176895122548430e+01
-3.330904216304098053e+00	5.545212189391842905e+00
-1.993685272575544332e+01	-8.279637349313551553e+00
-6.906478367070716828e+00	1.574186858314515369e+01
-7.600060664234048247e+00	1.057553973928673585e+01
5.824700647659956765e+00	1.214370375896885079e+01
-1.618655404550677801e+01	-9.190491449601440266e+00
1.093677342393990770e+01	-3.968376307384583157e+01
2.092278362287916238e+01	2.963507430077145699e+01
-2.897979035018945382e+01	-2.255229764829907069e+01
5.967622230893413260e+00	-5.007530060430958052e-01
9.476712490423437885e+00	3.333043491707650219e+01
-8.924118357731206430e+00	4.628074587841235932e+00
-5.561805400603167193e+00	1.328945062981529901e+01
-1.860328086217378774e+00	-2.103355197134397869e+01
-4.169072311624196558e+00	-2.488733736627188620e+01
-4.326181566659711208e+00	-7.457839087713763249e+00
-2.346405328861967376e+01	1.527049628208300192e+01
1.613264190696368061e+01	-4.847492267062339266e+00
1.511466028851549481e+01	-1.112490849500098200e+01
-1.138709962885883975e+01	2.771542059229544552e+00
-2.052994058923519560e+01	1.514709305868171363e+01
7.294908270338620326e+00	-2.022916278702720305e+01
-8.061031577382925306e+00	-1.694760191772692437e+01
1.987344286490915435e+00	-1.104136956313112705e+01
-4.470597840031333092e+00	1.532493724596927898e+01
9.681542514982611536e+00	3.287501363282246736e+00
9.726488011184082794e+00	2.985014774798620962e+01
-1.015836329849017972e+01	1.311024016163562145e+01
-1.936709537553077709e+01	-4.913324761753853354e-01
-2.216113756269114532e+01	1.771108973324272284e+01
8.545311307500872644e+00	2.960958178246292150e+00
-1.664402960897640327e+01	-9.868898935104228443e+00
-7.095428960181625833e+00	9.519647819431433788e+00
-8.348396538307113701e+00	-9.748573154055160117e+00
-7.359421477736480810e-01	-4.065559411254135114e+00
-2.710791728185109761e+01	1.858895774341176121e+01
2.642900355113599886e+00	-1.417940807043590823e+00
7.334474333678878466e+00	-1.124397942278279672e+01
1.237909218625259822e+00	-6.500727680096883176e+00
-4.352406403778603661e+00	1.430506819824142362e+01
1.363602327762967636e+00	-7.735569427834208867e+00
5.586648838961822960e+00	-5.416191855909051611e+00
-3.881629858997310123e+01	-7.144098354870799028e+00
2.738277231550971891e+01	2.574956920764339241e+00
5.461306517630970525e+00	-5.396856645258515606e+00
-9.133720153418281029e+00	-2.242570468561551777e+01
-5.473347252626415305e+00	-1.242053318583056409e+01
6.912384882888638060e+00	-1.305904658109013639e+01
-1.625455146481131319e+00	1.740647138237216751e+01
-2.842958254894092107e+01	1.137743658952659231e+01
2.890290005903047188e+01	8.221631311597564107e+00
-1.547569201254616500e+00	-7.075016441701738934e+00
1.428241796402119590e+01	-1.142108158791559802e+01
-9.688697868981476446e+00	-7.105246423202999040e+00
2.150927875944116963e+01	-1.472632143572343466e+01
4.008811644491913739e+00	3.496080548221809892e+01
8.523813682656310675e+00	-3.143450307719962922e+01
-1.463354712605736552e+01	7.896119491033327442e+00
1.695603405555781151e+01	-1.798373217189538309e+01
9.657454303487037706e+00	-1.460808880925696940e+00
1.822584721390997942e+01	-1.383202719491228194e+01
-8.793225834982104416e+00	-1.648680547475683156e+01
-6.734379658451027595e+00	-1.596274821308946201e+01
3.225483376757518528e+01	2.456980615238882137e+01
-1.484022151810166079e+01	-1.861837912334287859e+00
-1.903295809496491575e+00	-1.071983072269320836e+01
1.591647907643773507e+01	7.781017497160221730e+00
1.368149548007978389e+00	1.448904039281909417e-01
8.161351516546110574e+00	1.008047263078313982e+01
-5.592286409680252035e+00	-2.553959318312961813e+01
5.180782429865262273e+00	4.250454662468019507e+00
-1.829137592429443160e+01	1.081772771943334455e+01
2.321382951465463407e+01	-2.326237607560389264e+01
-1.654296631799976769e+00	6.274733981926374327e+00
-9.522494855955905280e+00	2.374654201959424782e+01
9.329363148446800480e+00	-2.080078469658380447e-01
-6.450077023439746426e+00	1.149968311834735779e+01
-1.867961859963854820e+01	9.387986304352738287e+00
-1.885404508116577560e+01	-9.905079765148077087e+00
9.712824137661854706e+00	5.567342842109324064e-01
-2.234028134047736813e+00	-2.193792595206243590e+01
-1.871821835358148167e+00	-6.318242519435365523e+00
1.508841328366767875e+01	3.719631649527302741e+00
-1.577556132259440957e+01	1.012340691232917500e+01
-1.022948854010754793e+01	3.445697534707626297e-01
-5.388317328537856277e+00	1.007977222200431555e+01
1.320922250439036105e+00	-1.544068698137517615e+01
-5.904003180681051122e-01	-1.423761843768202251e+00
-4.016420693458706559e+00	2.699113831830810550e-01
-8.627696293390636484e-01	2.589427745351490984e+01
-1.502273868076445584e+00	-2.998333186801179551e+00
-1.007446143972510022e+01	-6.986232931918560318e+00
-1.138190183975708258e+01	2.989171338096805464e-01
3.843229008135153002e+00	-1.286758822817921200e+01
-1.247281116193738981e+01	2.698553886913026556e+00
-1.620297362867194835e+01	-5.110773031647607212e+00
-4.372091515759706226e+00	-2.507858567257657256e+01
-2.207338226293422689e+00	-8.202117158740518388e-01
3.159412896217493127e+01	-4.445603315022789381e+00
-9.865803861987272327e+00	-2.285392622895176373e+01
1.320565014957292682e+01	-9.398781646033047554e-01
1.046063667886484616e+01	2.085098346904272404e+01
-1.664522937285230597e+01	7.298252475859991151e+00
1.082554168363639491e+01	8.566980698236209335e+00
-1.657432896270644918e+01	-1.878095415816259717e+01
-3.722841133195436925e+01	6.676577164911114082e+00
8.488473341031330222e+00	2.078294139321092970e+00
-2.458246816812807367e+01	7.406633336682042490e+00
6.313082465282807476e+00	5.916800703923558835e+00
-9.576152568321031566e+00	-1.903693015705339064e+01
2.323371114665820869e+01	-5.796113618115440458e-01
1.495913159042412666e+01	-1.061019204595232424e+01
-6.347401253919427333e+00	-7.011773199875093177e-01
-9.629726554401553784e+00	-1.256361297662562748e+01
-1.699708364331768706e+01	1.837458513997394860e+01
-6.172916852096279605e+00	-1.202561343822079287e+01
-3.924976932583127187e+00	-1.258519019051750476e+01
-5.105709621483595306e+00	1.044209691609749413e+00
2.193853973813095770e+00	-1.507938697165592679e+01
8.099300968204296680e+00	-5.945286234060120023e+00
4.895162397904435636e+00	-1.161950436553146737e+01
-1.069801493469020315e+01	1.975640889445456239e+01
-2.012908063322209884e+01	1.100125357563641515e+01
1.910344587343459821e+01	-8.045732585155249694e-01
-9.652288583699126789e+00	-5.477038730436227354e+00
-9.132110399090267450e+00	1.317284660405158725e+01
-7.296650372215552238e+00	5.672857124520432670e+00
-2.580297370219307851e+01	6.972733665559994520e+00
-6.691636056566813373e+00	-3.666913228195067820e-01
-6.715181396111267631e+00	-2.363522038880005027e+01
8.685016176809174482e+00	-1.574523755833737937e+00
9.778400087502705063e+00	-7.454858868926947935e+00
5.279244720777076516e-02	9.030773828438276141e+00
1.304587723760025142e+01	1.416579406191864621e+01
4.759509773217668105e+00	-9.211314626656360360e+00
-2.195495624357667597e-01	6.557393279878723114e+00
2.252994356175121560e+00	2.430230596759998463e+01
-2.669148910139591102e+00	-9.347978087987826257e+00
-5.527893196468304460e+00	2.354690436102392681e+01
-3.748269516515530420e+00	-1.193620186038905828e+01
-1.579215864058009622e+01	3.214365785113202367e-01
3.926183874428143650e+00	-1.560385657857775166e-01
-1.390373055301412997e+01	1.609845981808732396e-01
1.178283769703091011e+01	-1.172749258671123407e+01
-3.492420122253284021e+00	-8.276563452702015766e+00
6.929297431012703123e-01	-9.348084009031591535e+00
6.913714867933388852e+00	4.577476335662403528e+00
9.006402510880990420e+00	4.620491603144363246e+00
-2.198872772086834004e+01	3.116322064433562389e+01
-2.896651466295604216e+00	1.919384608807569847e+01
1.232250476913095127e+01	-7.137805389938707279e+00
-2.377348147205156437e+01	4.548174621146604757e+00
5.421926655530887373e+00	1.395965173108463375e+01
-3.157789921163065117e+01	4.284255407392493220e-01
-1.431509581089844829e+01	-9.749820982570981398e-01
5.408277257626333823e-01	7.220491987784465326e-01
-2.319401143250735231e+01	1.214187280331798924e+01
-1.379715032757810889e+01	-1.187648731927325585e+01
-2.060569010449021476e+01	-4.559372563482438245e+00
2.307388905090583364e+01	6.586064027850746072e+00
2.299188576822675412e+00	4.360259001758176822e+00
7.942063889937371002e+00	3.354158637989478553e+00
-3.117451407212162628e+00	-5.177216328253244626e+00
-4.948044482600787219e+00	1.361550104799551697e+01
-2.263063864111445511e+01	2.987415546086352336e+01
-4.085723078470079095e+00	5.689816911466887284e+00
-1.066089096536272685e+01	-2.704473821697758851e+00
1.201093494009270835e+01	1.058036404452359669e+01
1.597542613320602811e+01	-7.547856914541859474e+00
2.053210201803848634e+01	-1.049566482584055294e+01
1.193572715245724680e+01	4.593224665919652394e-01
-8.381155116921805259e+00	-3.615915286157922282e+01
-1.562255780344552214e+01	-1.615530509112813107e+01
1.073328454303120516e+01	-4.871465982891841406e+00
4.988099444612045019e+00	-1.894744401406798673e+01
-2.475953830947842960e+01	-1.445700342648981440e+01
4.976745098412767021e+00	-6.114476724412103437e+00
1.140327751483012975e+01	-2.300151410942852692e+01
8.249582485428195167e-01	-5.685005147637646417e+00
-2.590751394130781371e+00	-7.493782303459822991e+00
-1.130707882662897923e+01	3.556729173902242191e-01
-2.025148579388742931e+01	1.615857642691626950e+01
1.120417129076038520e+01	2.415061830900122608e+00
-4.327602226803922925e+00	2.948682987888907592e-01
-3.268533261611698215e+00	1.392362398429964454e+00
2.425809661686786711e+01	3.183498851695798493e+00
9.583015496028664870e+00	-1.423434108053676539e+01
5.191550017935428585e+00	-1.606854546791174343e+00
1.988865272621299196e+00	4.322517385712584037e+00
2.127992805072081950e+01	-1.919063975560284874e+01
2.407425030382672304e+01	1.211914091942194638e+01
1.301307156071339222e+01	1.513926448241465650e+01
8.151144279570939233e+00	-8.839263838291444131e+00
-2.932444299688602740e+01	-3.378729080343463753e+00
1.732106799269092168e+00	-1.229466479934102452e+01
-1.821497358711855918e+00	9.791326770229439092e+00
1.315345211397962011e+00	-1.485711202424272770e+01
1.320264522251524930e+01	-3.114678143400884114e+00
-3.835548034065379142e+01	-1.202487870930740144e+01
-7.970368748582591145e+00	7.133598781580529069e-01
3.778660969170659190e+00	-2.511920980085609401e+01
-6.535837644738675678e+00	1.857046299311970827e+01
-1.983668558376763258e+01	-1.350448993888769600e+01
1.216548881655513448e+01	8.385255636278646785e-01
3.876206681845792534e+00	-2.975322626784328683e+00
-1.359546398622278396e+01	-1.066960316691497468e+01
4.407440863221532723e+00	-1.242892191290309434e+01
1.150219996869714123e+01	1.310957960973443370e+01
7.409704819105195073e-02	-7.358968303427155355e+00
1.120790724803395477e+01	3.796382584922352699e+00
1.095642452263258848e+00	-1.122095639552124702e+01
-5.533205757160961191e+00	-9.060540045868648917e+00
-1.623188722959878305e+01	6.611460101229882369e+00
-1.203030737602578171e+00	1.302571894555562793e+01
2.720101132640803332e+00	-2.454429632578279286e+00
1.226165866222263290e+01	-1.990687820296611577e+01
-1.611504558821174049e+00	2.797138511650006620e+01
6.403818487093871248e+00	-1.199169031527893381e+01
-1.350456819227219718e+01	-2.158222359540502566e+01
-1.095680818158535175e+01	3.632194422875412698e+01
-1.545450186376428503e+00	-5.656452113913119639e+00
-1.476479849579019366e+01	-2.046425763565971323e+01
1.148346972254553755e+01	-9.568156735041544181e+00
6.483824610460499294e+00	5.145628544311766639e+00
3.907340701494347979e+00	2.664361806315155512e+00
4.744657753023223457e+00	-1.192420876155025944e+01
2.829460986078716545e+01	2.551813040179143144e+01
-6.564098631535138395e+00	-7.302115491907223976e+00
-3.082017799700781069e+01	-1.658561226576172842e+01
2.790202756550512753e+00	1.344970757844923526e+01
-7.084495734633224906e-01	1.860687985155555424e+01
-7.245266595145645638e+00	-1.144490336662716956e+01
-1.370361803102277776e+01	-1.961886210255034513e+01
-6.148653305230070920e+00	1.442613574381846675e+01
2.538738009049497979e+00	-2.866253058281146338e+01
-7.039433808995535280e+00	-1.717270323155261735e+01
3.377435151361247989e+01	1.354424610070329038e+01
-1.344706134286407107e+01	-7.749356723134539493e-01
-1.110364307790740312e+01	-3.695122880297629919e+00
-3.204068056020339839e+01	4.939432490921296548e+00
3.520781810301518266e+00	-2.138841929635721506e+00
-2.822969278919664049e+01	-1.818161411028326313e+01
-7.552364867243019475e+00	1.786505484408662525e+01
-3.859387483847797284e+00	1.855019674041541577e+01
-9.936191521856436282e+00	2.874655892891435638e+00
2.434421748436315269e+01	6.318762160481438128e-01
1.392152147841698451e+01	3.275474728428081050e+01
1.846791626822205856e+01	-3.870059830221721064e+00
-1.235386345969885902e+01	-3.634077745676552063e+00
1.580031690320395832e+01	5.102737489367077828e+00
6.944013248815470440e+00	2.059850738599273612e+01
1.079968328147583811e+01	2.229879056184477193e+01
1.441214360295873931e+01	-3.620016843474797241e+00
-1.272268544342674446e+01	4.316637443430833443e+00
-5.940446693690621061e+00	-1.929316853889708128e+01
1.207634415859831556e+01	-4.367665510826981290e+00
-3.717866730164905675e+01	-1.176406553671029087e+01
2.118659315602487325e+01	-1.409564453218577285e+01
7.743848898906176004e+00	2.354207402774258640e+01
-6.398554492432879659e-01	-1.109201326528602927e+01
3.087107180600426215e+00	-7.442482712160368941e+00
-1.441909396632567208e+01	5.121883030836015038e+00
-4.899207104247466305e+00	1.816955373763019566e+01
1.540398073508523247e+01	6.735611769443695884e+00
1.817230761256709570e+01	3.863097159630215316e+01
3.774713673589011620e+01	-1.045351695516093971e+00
-1.034945327925811842e+00	3.622030163216444443e+00
-9.219741535270053134e+00	3.858409435776788854e+00
-7.199275523159843537e+00	2.009069141504816258e+01
-1.425258625402310741e+01	7.101345315534613789e+00
-1.089966583171910530e+00	-1.627215805420087369e+00
5.358254020171753673e+00	-1.326484032869631413e+01
-4.793919274473541492e-01	3.422208383462856052e+00
1.534885583932118003e+01	1.961882763808743491e+01
-3.279021218823511497e+00	-5.745345111210188094e+00
-4.864309134979885485e+00	7.405210657832150822e+00
-8.137758676044553496e+00	3.446069041587818127e+00
-2.285688336728293280e+01	1.208927521733840393e+01
-2.194874814031835797e+01	-1.126655236893017076e+01
-1.650821102892762937e+01	3.285305842737186310e+01
1.821999300330665150e+01	-1.790825549839561504e+01
